b5143	b5144	b5146	b5147	b5148	b5149	b5150	b5151	b5152	b5153	b5154	b5155	b5156	b5157	b5159	b5160	b5162	b5163	b5165	b5166	b5167	b5168	b5169	b5170	b5171	b5172	b5173	b5174	b5175	b5176	b5177	b5178	b5179	b5180	b5181	b5182	b5183	b5184	b5185	b5186	b5187	b5188	b5190	b5191	b5192	b5193	b5194	b5195	b5196	b5197	b5198	b5199	b5200	b5201	b5202	b5203	b5204	b5205	b5206	b5207	b5208	b5209	b5210	b5211	b5212	b5213	b5214	b5215	b5216	b5217	b5218	b5219
b5143	0	0.0211548	0.0264788	0.0187432	0.0231524	0.0238299	0.0233762	0.0298031	0.00240836	0.0222766	0.0202137	0.0227107	0.0212234	0.0246043	0.0300913	0.0298031	0.0208822	0.0241368	0.0255655	0.0149234	0.0239063	0.0204789	0.030677	0.028588	0.0300913	0.0316813	0.0282247	0.0301881	0.0307758	0.0301881	0.0300913	0.0246831	0.0300913	0.00467416	0.0272504	0.0250805	0.00375609	0.0300913	0.0287714	0.0284057	0.0304804	0.0264788	0.0276006	0.0283151	0.0298988	0.0301881	0.0303826	0.0243695	0.0298988	0.0298988	0.0284057	0.0280449	0.0243695	0.0300913	0.0298988	0.0250005	0.0221335	0.0152404	0.0298031	0.0283151	0.026819	0.0298988	0.0293293	0.0297077	0.0284967	0.0301881	0.0305785	0.0247621	0.0291421	0.0297077	0.0298988	0.0292355
b5144	0.0211548	0	0.0269907	0.0238299	0.025484	0.0260597	0.00570819	0.0264788	0.0223484	0.00557568	0.0257292	0.0034604	0.00232584	0.0276006	0.0266484	0.0267335	0.0228571	0.0260597	0.0289561	0.0210864	0.00458019	0.00154832	0.0274249	0.0258115	0.0267335	0.0277775	0.0254028	0.0269047	0.027077	0.0275126	0.0262266	0.0265635	0.0265635	0.0212923	0.0297077	0.0275126	0.0216393	0.0274249	0.0255655	0.0269907	0.0267335	0.0277775	0.0291421	0.026143	0.0266484	0.0267335	0.0276006	0.0283151	0.0275126	0.0273375	0.0260597	0.025484	0.0258115	0.027077	0.026819	0.0271635	0.00390583	0.0225651	0.0264788	0.0257292	0.028588	0.0272504	0.0269047	0.026819	0.0258115	0.0263945	0.0273375	0.0274249	0.0260597	0.0273375	0.0265635	0.0263104
b5146	0.0264788	0.0269907	0	0.0289561	0.0146108	0.0143027	0.0280449	0.030875	0.0274249	0.0275126	0.0140492	0.0271635	0.0271635	0.0145592	0.0320933	0.0326168	0.0267335	0.0139486	0.00417861	0.0259767	0.0274249	0.0267335	0.0329357	0.0298988	0.0326168	0.0336937	0.0297077	0.0325113	0.0331502	0.0318865	0.0321972	0.0136496	0.0326168	0.026143	0.0170111	0.0157789	0.0263104	0.0311746	0.0301881	0.0304804	0.0320933	0.0163866	0.0166683	0.0298988	0.0311746	0.0319897	0.0319897	0.0160531	0.0332581	0.0315792	0.0298031	0.0297077	0.0142009	0.0321972	0.0319897	0.0151872	0.0273375	0.0274249	0.0318865	0.0298031	0.0168391	0.0316813	0.0320933	0.0310744	0.0299949	0.0323015	0.0327227	0.0161637	0.0319897	0.0316813	0.0320933	0.030677
b5147	0.0187432	0.0238299	0.0289561	0	0.0267335	0.0260597	0.0255655	0.0316813	0.0196919	0.0246043	0.0257292	0.0233014	0.0241368	0.0275126	0.0313762	0.0314775	0.0144049	0.0266484	0.0284967	0.0166117	0.0253218	0.023602	0.0327227	0.0309745	0.0317837	0.0329357	0.030677	0.0314775	0.0325113	0.0314775	0.0312752	0.0257292	0.0318865	0.0191812	0.0280449	0.0271635	0.0174761	0.0325113	0.0312752	0.0307758	0.0311746	0.0294234	0.0297077	0.0305785	0.0319897	0.0313762	0.0314775	0.0272504	0.0325113	0.0309745	0.0310744	0.030677	0.027077	0.0317837	0.0314775	0.026819	0.0246831	0.0170111	0.0310744	0.030875	0.0291421	0.0309745	0.0315792	0.0309745	0.0309745	0.0309745	0.0320933	0.0275126	0.0310744	0.0305785	0.0310744	0.0313762
b5148	0.0231524	0.025484	0.0146108	0.0267335	0	0.00796745	0.0272504	0.0298031	0.0239829	0.026819	0.0177716	0.0263104	0.0256472	0.00884936	0.0299949	0.0300913	0.0276006	0.00808024	0.0154006	0.0248413	0.026819	0.0249208	0.0307758	0.0288636	0.0300913	0.0317837	0.0286795	0.0299949	0.0305785	0.0301881	0.0300913	0.0170111	0.0304804	0.0233762	0.0139988	0.0111321	0.0233014	0.0299949	0.0291421	0.0296126	0.0303826	0.0127767	0.0143027	0.0286795	0.0301881	0.0295179	0.0301881	0.0129198	0.030875	0.0297077	0.0289561	0.028588	0.00800497	0.030677	0.0303826	0.011984	0.0263945	0.0258115	0.0296126	0.0284967	0.0138985	0.0298031	0.0295179	0.0292355	0.0288636	0.0298988	0.0300913	0.012872	0.0295179	0.0298988	0.0295179	0.0296126
b5149	0.0238299	0.0260597	0.0143027	0.0260597	0.00796745	0	0.0275126	0.0298988	0.0247621	0.0265635	0.0168963	0.0258115	0.0263104	0.0042398	0.0295179	0.0296126	0.0263104	0.00213483	0.0150285	0.0250005	0.027077	0.0258115	0.0300913	0.0290489	0.0297077	0.0312752	0.0286795	0.0298988	0.0301881	0.0295179	0.0295179	0.0161637	0.0298988	0.0240597	0.0125405	0.0112643	0.0236777	0.0302852	0.0289561	0.0298031	0.0291421	0.0118471	0.0126819	0.0290489	0.0303826	0.0294234	0.0298031	0.0123533	0.0295179	0.0297077	0.0293293	0.0291421	0.00337267	0.0299949	0.0297077	0.0107405	0.027077	0.025484	0.0295179	0.0286795	0.013112	0.0297077	0.0298988	0.0292355	0.0289561	0.0299949	0.0296126	0.0122604	0.0295179	0.0290489	0.0293293	0.0297077
b5150	0.0233762	0.00570819	0.0280449	0.0255655	0.0272504	0.0275126	0	0.0284967	0.0244475	0.00570819	0.0263104	0.00470559	0.00518381	0.0293293	0.0280449	0.0282247	0.0242917	0.0272504	0.0284057	0.0227838	0.00402654	0.00470559	0.0286795	0.0277775	0.0280449	0.0292355	0.0280449	0.0280449	0.0282247	0.0277775	0.0276006	0.0263104	0.0281347	0.0240597	0.0290489	0.0276006	0.0243695	0.0289561	0.0272504	0.0273375	0.028588	0.0277775	0.0312752	0.0281347	0.0281347	0.0284057	0.0281347	0.0287714	0.0287714	0.0280449	0.0281347	0.0276006	0.0265635	0.0281347	0.0278663	0.028588	0.00433199	0.0237537	0.0276889	0.0280449	0.0296126	0.0280449	0.0284967	0.0281347	0.0281347	0.0279555	0.0284967	0.0279555	0.0275126	0.0279555	0.0281347	0.0282247
b5151	0.0298031	0.0264788	0.030875	0.0316813	0.0298031	0.0298988	0.0284967	0	0.0311746	0.0284057	0.0309745	0.027077	0.0273375	0.0327227	0.0154006	0.015616	0.0320933	0.0297077	0.0327227	0.0293293	0.0275126	0.0265635	0.0162749	0.00152214	0.015616	0.0163866	0.00165343	0.0157245	0.0163866	0.0160531	0.0152936	0.0291421	0.0154542	0.0299949	0.0314775	0.0317837	0.0296126	0.00334352	0.00178577	0.00257463	0.0164427	0.0311746	0.0314775	0.00202665	0.00251903	0.015616	0.0161637	0.0319897	0.0158882	0.0160531	0.00240836	0.00268639	0.0310744	0.0155619	0.0155619	0.0312752	0.0276889	0.0279555	0.0154542	0.00205363	0.0305785	0.0158882	0.015998	0.0161084	0.00167981	0.015347	0.015943	0.0316813	0.0155619	0.0158882	0.0154542	0.0018924
b5152	0.00240836	0.0223484	0.0274249	0.0196919	0.0239829	0.0247621	0.0244475	0.0311746	0	0.0229306	0.0209501	0.0242142	0.0227107	0.0260597	0.0323015	0.0319897	0.0217795	0.0250805	0.0263104	0.0161084	0.0246831	0.0217795	0.0324062	0.0299949	0.0320933	0.0319897	0.0298031	0.0325113	0.0329357	0.0325113	0.0321972	0.0249208	0.0324062	0.00607761	0.0284967	0.0258115	0.00476862	0.0312752	0.0295179	0.0294234	0.0323015	0.0266484	0.0279555	0.0301881	0.0303826	0.0321972	0.0329357	0.0253218	0.0318865	0.0319897	0.0302852	0.0296126	0.0247621	0.0323015	0.0320933	0.025894	0.0233762	0.0162749	0.0323015	0.0298031	0.0284057	0.0320933	0.0319897	0.0316813	0.0298988	0.0325113	0.0317837	0.0260597	0.0316813	0.0321972	0.0321972	0.0298031
b5153	0.0222766	0.00557568	0.0275126	0.0246043	0.026819	0.0265635	0.00570819	0.0284057	0.0229306	0	0.0256472	0.00505504	0.00528099	0.0276889	0.0290489	0.0294234	0.0231524	0.0272504	0.0266484	0.0225651	0.00590877	0.00495906	0.0298988	0.0276006	0.0294234	0.0303826	0.0272504	0.0294234	0.0290489	0.0292355	0.0290489	0.0259767	0.0291421	0.0230043	0.0316813	0.0288636	0.0233014	0.0284057	0.0267335	0.0284057	0.0284967	0.0271635	0.0314775	0.0274249	0.0276006	0.0291421	0.0294234	0.0286795	0.0297077	0.0295179	0.0274249	0.0274249	0.0264788	0.0298031	0.0294234	0.0278663	0.00489536	0.0229306	0.0290489	0.0269047	0.0297077	0.0296126	0.0295179	0.0291421	0.0273375	0.0291421	0.0298031	0.0291421	0.0289561	0.0297077	0.0292355	0.0280449
b5154	0.0202137	0.0257292	0.0140492	0.0257292	0.0177716	0.0168963	0.0263104	0.0309745	0.0209501	0.0256472	0	0.0258115	0.0259767	0.0183741	0.0317837	0.0317837	0.0239829	0.0172424	0.0152404	0.0242917	0.0263945	0.0254028	0.0323015	0.0301881	0.0317837	0.0327227	0.0299949	0.0321972	0.0323015	0.0311746	0.0317837	0.0140492	0.0319897	0.0217795	0.0200822	0.017359	0.0204789	0.0311746	0.0301881	0.0309745	0.0314775	0.0191812	0.0195632	0.0302852	0.030875	0.0319897	0.0318865	0.0181917	0.0316813	0.0313762	0.0303826	0.0300913	0.0174175	0.0316813	0.0315792	0.0188675	0.0258115	0.0254028	0.0314775	0.0298988	0.0206797	0.0312752	0.0314775	0.0311746	0.0301881	0.0317837	0.0321972	0.0185579	0.0318865	0.030875	0.0316813	0.0305785
b5155	0.0227107	0.0034604	0.0271635	0.0233014	0.0263104	0.0258115	0.00470559	0.027077	0.0242142	0.00505504	0.0258115	0	0.00331442	0.0284057	0.0276889	0.0276889	0.0225651	0.0264788	0.0288636	0.0215695	0.00322742	0.00257463	0.0287714	0.0265635	0.0277775	0.0286795	0.0264788	0.0277775	0.0280449	0.0277775	0.0273375	0.026819	0.0277775	0.0237537	0.0298988	0.0272504	0.0233762	0.0282247	0.0264788	0.0272504	0.0271635	0.0279555	0.0299949	0.0269907	0.0276889	0.0273375	0.0277775	0.0284967	0.0284967	0.0281347	0.027077	0.0265635	0.0264788	0.0278663	0.0276006	0.0275126	0.00369655	0.0220623	0.0275126	0.0267335	0.0296126	0.0280449	0.0279555	0.0279555	0.0264788	0.0274249	0.0275126	0.0278663	0.0275126	0.0273375	0.0272504	0.027077
b5156	0.0212234	0.00232584	0.0271635	0.0241368	0.0256472	0.0263104	0.00518381	0.0273375	0.0227107	0.00528099	0.0259767	0.00331442	0	0.0284967	0.0269047	0.0269907	0.0235265	0.0266484	0.0290489	0.0217093	0.00451781	0.00123693	0.0276889	0.0264788	0.027077	0.0280449	0.0264788	0.0271635	0.0275126	0.0278663	0.0264788	0.027077	0.0269047	0.0214999	0.0295179	0.0275126	0.0224204	0.0278663	0.0264788	0.027077	0.0274249	0.028588	0.0300913	0.026819	0.0274249	0.027077	0.0278663	0.0284057	0.0277775	0.0278663	0.0267335	0.0264788	0.0266484	0.0274249	0.0271635	0.0276889	0.00393593	0.0230043	0.026819	0.0264788	0.0289561	0.0277775	0.0271635	0.0273375	0.0265635	0.0269907	0.0276006	0.0280449	0.0264788	0.0274249	0.027077	0.0269047
b5157	0.0246043	0.0276006	0.0145592	0.0275126	0.00884936	0.0042398	0.0293293	0.0327227	0.0260597	0.0276889	0.0183741	0.0284057	0.0284967	0	0.0318865	0.0323015	0.0280449	0.00480022	0.0143537	0.0269047	0.028588	0.0277775	0.0319897	0.0317837	0.0321972	0.0338037	0.0315792	0.0324062	0.0324062	0.0312752	0.0321972	0.0172424	0.0320933	0.0254028	0.0140492	0.0122604	0.0256472	0.0327227	0.0318865	0.0324062	0.0315792	0.0133059	0.0135016	0.0314775	0.032829	0.0320933	0.0320933	0.013112	0.0324062	0.0324062	0.0317837	0.0316813	0.00489536	0.0326168	0.0321972	0.0125875	0.0291421	0.0266484	0.0320933	0.0313762	0.0141502	0.0321972	0.0324062	0.0316813	0.0315792	0.0324062	0.0321972	0.0131603	0.0316813	0.0312752	0.0315792	0.0327227
b5159	0.0300913	0.0266484	0.0320933	0.0313762	0.0299949	0.0295179	0.0280449	0.0154006	0.0323015	0.0290489	0.0317837	0.0276889	0.0269047	0.0318865	0	0.00134007	0.0317837	0.0297077	0.0333664	0.0297077	0.0284967	0.026143	0.00299754	0.0146626	0.00154832	0.0028554	0.0146626	0.00167981	0.00178577	0.00170624	0.00152214	0.0293293	0.001839	0.0303826	0.0321972	0.0313762	0.0290489	0.015998	0.014871	0.0146108	0.00249129	0.0320933	0.0323015	0.0146626	0.015508	0.00197282	0.00227104	0.0318865	0.0026025	0.004991	0.0150285	0.0140996	0.0305785	0.00152214	0.00154832	0.0314775	0.0277775	0.0264788	0.00128842	0.0148187	0.0320933	0.004991	0.00208065	0.00489536	0.0149759	0.00157453	0.00160079	0.0307758	0.00126265	0.00218918	0.00141786	0.0150285
b5160	0.0298031	0.0267335	0.0326168	0.0314775	0.0300913	0.0296126	0.0282247	0.015616	0.0319897	0.0294234	0.0317837	0.0276889	0.0269907	0.0323015	0.00134007	0	0.0317837	0.0298031	0.0335842	0.0298031	0.028588	0.0263945	0.00363721	0.014871	0.00165343	0.0028554	0.0146626	0.0018924	0.00210772	0.00175922	0.00162709	0.0293293	0.00194597	0.0304804	0.0319897	0.0309745	0.0286795	0.0160531	0.014871	0.0146108	0.00268639	0.0321972	0.0326168	0.0146626	0.0155619	0.00197282	0.00243596	0.0314775	0.00268639	0.00537869	0.0151342	0.0141502	0.0305785	0.00144387	0.00131423	0.0316813	0.0277775	0.0263945	0.00144387	0.0146108	0.0320933	0.00524853	0.00197282	0.00505504	0.0150285	0.00178577	0.00191916	0.0314775	0.000956583	0.00218918	0.00178577	0.0150285
b5162	0.0208822	0.0228571	0.0267335	0.0144049	0.0276006	0.0263104	0.0242917	0.0320933	0.0217795	0.0231524	0.0239829	0.0225651	0.0235265	0.0280449	0.0317837	0.0317837	0	0.0259767	0.0278663	0.0184965	0.0225651	0.0226378	0.0333664	0.0310744	0.0327227	0.0323015	0.0310744	0.0324062	0.0323015	0.0321972	0.0316813	0.0266484	0.032829	0.0215695	0.0276006	0.0273375	0.020747	0.0329357	0.0310744	0.0319897	0.0314775	0.0284967	0.0282247	0.0315792	0.0323015	0.0324062	0.0329357	0.0271635	0.0329357	0.0325113	0.0314775	0.0307758	0.0262266	0.0319897	0.0318865	0.0264788	0.0231524	0.0201478	0.0323015	0.0313762	0.028588	0.0326168	0.032829	0.0327227	0.0312752	0.0321972	0.0320933	0.027077	0.0317837	0.0321972	0.0319897	0.0319897
b5163	0.0241368	0.0260597	0.0139486	0.0266484	0.00808024	0.00213483	0.0272504	0.0297077	0.0250805	0.0272504	0.0172424	0.0264788	0.0266484	0.00480022	0.0297077	0.0298031	0.0259767	0	0.0147665	0.0250005	0.0265635	0.025894	0.0300913	0.0287714	0.0298988	0.0309745	0.028588	0.0298988	0.0298988	0.0296126	0.0296126	0.0162749	0.0298031	0.0239829	0.0121679	0.0112643	0.0240597	0.0300913	0.0287714	0.0293293	0.0291421	0.0115313	0.0124467	0.0288636	0.0301881	0.0295179	0.0298031	0.0118017	0.0300913	0.0297077	0.0291421	0.0290489	0.00343111	0.0299949	0.0297077	0.0105688	0.0271635	0.0260597	0.0297077	0.028588	0.0130638	0.0294234	0.0298988	0.0288636	0.0288636	0.0300913	0.0298988	0.0117112	0.0296126	0.0288636	0.0294234	0.0295179
b5165	0.0255655	0.0289561	0.00417861	0.0284967	0.0154006	0.0150285	0.0284057	0.0327227	0.0263104	0.0266484	0.0152404	0.0288636	0.0290489	0.0143537	0.0333664	0.0335842	0.0278663	0.0147665	0	0.0267335	0.0288636	0.0279555	0.0349268	0.0318865	0.0339141	0.0352724	0.0316813	0.0339141	0.0339141	0.0330427	0.0336937	0.0137986	0.0334751	0.0276889	0.0173006	0.0157789	0.0269907	0.0326168	0.0307758	0.0318865	0.0336937	0.0175349	0.0181313	0.0312752	0.0316813	0.0335842	0.0335842	0.0157245	0.0343598	0.0331502	0.0318865	0.0314775	0.0141502	0.0335842	0.0333664	0.0163307	0.0284057	0.026819	0.0332581	0.0311746	0.0175939	0.0330427	0.0334751	0.0320933	0.0313762	0.0339141	0.0335842	0.0160531	0.0334751	0.0320933	0.0333664	0.0319897
b5166	0.0149234	0.0210864	0.0259767	0.0166117	0.0248413	0.0250005	0.0227838	0.0293293	0.0161084	0.0225651	0.0242917	0.0215695	0.0217093	0.0269047	0.0297077	0.0298031	0.0184965	0.0250005	0.0267335	0	0.0221335	0.0210181	0.030677	0.0284967	0.0305785	0.0309745	0.0280449	0.0299949	0.0303826	0.0289561	0.0297077	0.0265635	0.0297077	0.0157789	0.0271635	0.0254028	0.0154006	0.0297077	0.0287714	0.0286795	0.0298031	0.0267335	0.0276006	0.0278663	0.0297077	0.0298031	0.0294234	0.0253218	0.030875	0.0293293	0.0283151	0.0284967	0.0250005	0.0298988	0.0296126	0.0250805	0.0215695	0.00694555	0.0292355	0.0279555	0.026143	0.0293293	0.0300913	0.0293293	0.0283151	0.0297077	0.0302852	0.0252411	0.0298988	0.0288636	0.0296126	0.0291421
b5167	0.0239063	0.00458019	0.0274249	0.0253218	0.026819	0.027077	0.00402654	0.0275126	0.0246831	0.00590877	0.0263945	0.00322742	0.00451781	0.028588	0.0284967	0.028588	0.0225651	0.0265635	0.0288636	0.0221335	0	0.00390583	0.028588	0.0269047	0.0284967	0.0295179	0.0269047	0.0284967	0.0271635	0.0279555	0.0280449	0.027077	0.0284967	0.0239063	0.0298988	0.0282247	0.0250805	0.0275126	0.026819	0.0278663	0.0276006	0.0284967	0.0301881	0.0274249	0.0278663	0.0280449	0.0280449	0.028588	0.0288636	0.0286795	0.0274249	0.0269047	0.0269047	0.028588	0.0281347	0.0284967	0.00357808	0.0232268	0.0283151	0.027077	0.0302852	0.0286795	0.0288636	0.0283151	0.0269907	0.0284057	0.028588	0.0280449	0.0280449	0.0277775	0.0280449	0.0259767
b5168	0.0204789	0.00154832	0.0267335	0.023602	0.0249208	0.0258115	0.00470559	0.0265635	0.0217795	0.00495906	0.0254028	0.00257463	0.00123693	0.0277775	0.026143	0.0263945	0.0226378	0.025894	0.0279555	0.0210181	0.00390583	0	0.027077	0.025484	0.0263104	0.0273375	0.0253218	0.0264788	0.0266484	0.027077	0.025894	0.0266484	0.0260597	0.0210181	0.0291421	0.027077	0.0214999	0.0269907	0.0255655	0.0265635	0.0265635	0.0278663	0.0290489	0.025894	0.0266484	0.0262266	0.027077	0.0276006	0.0271635	0.027077	0.0258115	0.0255655	0.025894	0.0263945	0.0263104	0.026819	0.00360762	0.0221335	0.0258115	0.0254028	0.0281347	0.0271635	0.0262266	0.0263104	0.0254028	0.0262266	0.0269047	0.026819	0.0255655	0.0265635	0.0262266	0.0259767
b5169	0.030677	0.0274249	0.0329357	0.0327227	0.0307758	0.0300913	0.0286795	0.0162749	0.0324062	0.0298988	0.0323015	0.0287714	0.0276889	0.0319897	0.00299754	0.00363721	0.0333664	0.0300913	0.0349268	0.030677	0.028588	0.027077	0	0.0158882	0.00288374	0.00420918	0.0157789	0.00322742	0.00366686	0.00351914	0.00302611	0.0304804	0.00296902	0.0309745	0.0325113	0.0316813	0.0298988	0.0164989	0.0161084	0.0160531	0.00325637	0.0326168	0.0327227	0.0158335	0.0166683	0.00296902	0.00328537	0.0319897	0.0024636	0.00659353	0.015943	0.0152404	0.0317837	0.00343111	0.00343111	0.0321972	0.0286795	0.0281347	0.00257463	0.0158335	0.0327227	0.00659353	0.00322742	0.00607761	0.0158882	0.00291212	0.00375609	0.0317837	0.00322742	0.00322742	0.00249129	0.0162193
b5170	0.028588	0.0258115	0.0298988	0.0309745	0.0288636	0.0290489	0.0277775	0.00152214	0.0299949	0.0276006	0.0301881	0.0265635	0.0264788	0.0317837	0.0146626	0.014871	0.0310744	0.0287714	0.0318865	0.0284967	0.0269047	0.025484	0.0158882	0	0.0147145	0.015616	0.000409992	0.0148187	0.015616	0.0151872	0.0147145	0.0283151	0.0146626	0.0292355	0.030677	0.0305785	0.0286795	0.00197282	0.00105797	0.00152214	0.0155619	0.030677	0.030875	0.000730741	0.00123693	0.0149759	0.0152404	0.0311746	0.0154006	0.0150285	0.00144387	0.00170624	0.0302852	0.0147145	0.0148187	0.0302852	0.0271635	0.0269907	0.0145592	0.000805673	0.0302852	0.0149759	0.0148187	0.0148187	0.000557238	0.0148187	0.0150813	0.0310744	0.0149234	0.0147665	0.0147665	0.000931334
b5171	0.0300913	0.0267335	0.0326168	0.0317837	0.0300913	0.0297077	0.0280449	0.015616	0.0320933	0.0294234	0.0317837	0.0277775	0.027077	0.0321972	0.00154832	0.00165343	0.0327227	0.0298988	0.0339141	0.0305785	0.0284967	0.0263104	0.00288374	0.0147145	0	0.00224371	0.014871	0.00131423	0.00221642	0.00199971	0.00105797	0.0291421	0.00136596	0.0300913	0.0317837	0.0307758	0.0288636	0.015998	0.014871	0.0148187	0.00205363	0.0320933	0.0324062	0.0147145	0.015616	0.00152214	0.00173271	0.0318865	0.0026025	0.00541137	0.0151342	0.0139988	0.0307758	0.00157453	0.00165343	0.0318865	0.0281347	0.0267335	0.000931334	0.0147145	0.0320933	0.00534606	0.00144387	0.004991	0.0149759	0.00108342	0.00213483	0.0314775	0.00160079	0.001839	0.00113443	0.0150813
b5172	0.0316813	0.0277775	0.0336937	0.0329357	0.0317837	0.0312752	0.0292355	0.0163866	0.0319897	0.0303826	0.0327227	0.0286795	0.0280449	0.0338037	0.0028554	0.0028554	0.0323015	0.0309745	0.0352724	0.0309745	0.0295179	0.0273375	0.00420918	0.015616	0.00224371	0	0.015508	0.0026025	0.00360762	0.00343111	0.00229842	0.0303826	0.00229842	0.0319897	0.0331502	0.0319897	0.0303826	0.0164989	0.0158882	0.0157245	0.00316966	0.0331502	0.0324062	0.015508	0.0161637	0.00265838	0.00291212	0.0326168	0.00399629	0.00673355	0.0158882	0.014871	0.0318865	0.00279888	0.00282712	0.0327227	0.0287714	0.0281347	0.0023533	0.0154542	0.0332581	0.00666341	0.00271444	0.00614558	0.0156702	0.00249129	0.00279888	0.0325113	0.00302611	0.00299754	0.00263042	0.015943
b5173	0.0282247	0.0254028	0.0297077	0.030677	0.0286795	0.0286795	0.0280449	0.00165343	0.0298031	0.0272504	0.0299949	0.0264788	0.0264788	0.0315792	0.0146626	0.0146626	0.0310744	0.028588	0.0316813	0.0280449	0.0269047	0.0253218	0.0157789	0.000409992	0.014871	0.015508	0	0.0149234	0.0155619	0.0151872	0.0148187	0.0281347	0.0147665	0.0292355	0.0302852	0.0302852	0.028588	0.00173271	0.00108342	0.00144387	0.015508	0.0303826	0.0305785	0.000508006	0.00131423	0.0150813	0.0152404	0.0307758	0.0152404	0.0150813	0.00128842	0.00144387	0.0300913	0.0149234	0.0149234	0.0298031	0.0269907	0.027077	0.0146108	0.000557238	0.0298988	0.0150285	0.014871	0.0148187	0.000483446	0.0144562	0.0151872	0.0307758	0.0148187	0.0148187	0.0147145	0.000906124
b5174	0.0301881	0.0269047	0.0325113	0.0314775	0.0299949	0.0298988	0.0280449	0.0157245	0.0325113	0.0294234	0.0321972	0.0277775	0.0271635	0.0324062	0.00167981	0.0018924	0.0324062	0.0298988	0.0339141	0.0299949	0.0284967	0.0264788	0.00322742	0.0148187	0.00131423	0.0026025	0.0149234	0	0.00257463	0.00213483	0.00108342	0.0295179	0.00123693	0.0299949	0.0315792	0.0312752	0.0293293	0.0161084	0.014871	0.0146108	0.00249129	0.0319897	0.0326168	0.0148187	0.0157245	0.00170624	0.00181236	0.0319897	0.00308338	0.00560872	0.0151342	0.0142009	0.0307758	0.00139189	0.00136596	0.0317837	0.0279555	0.0265635	0.0011089	0.0149234	0.0321972	0.00557568	0.001839	0.00534606	0.0151342	0.00131423	0.00238081	0.0317837	0.00202665	0.00186568	0.00141786	0.0152404
b5175	0.0307758	0.027077	0.0331502	0.0325113	0.0305785	0.0301881	0.0282247	0.0163866	0.0329357	0.0290489	0.0323015	0.0280449	0.0275126	0.0324062	0.00178577	0.00210772	0.0323015	0.0298988	0.0339141	0.0303826	0.0271635	0.0266484	0.00366686	0.015616	0.00221642	0.00360762	0.0155619	0.00257463	0	0.001839	0.0023533	0.0295179	0.00238081	0.0309745	0.0326168	0.0316813	0.0295179	0.0161637	0.0157245	0.015508	0.00334352	0.0321972	0.0325113	0.0154542	0.0162749	0.00238081	0.00282712	0.0324062	0.00351914	0.00580821	0.0158882	0.0149234	0.030677	0.00229842	0.00227104	0.0321972	0.0267335	0.0272504	0.00186568	0.015616	0.032829	0.00574147	0.00282712	0.00528099	0.0157789	0.00238081	0.00227104	0.0317837	0.00181236	0.00274254	0.00210772	0.014871
b5176	0.0301881	0.0275126	0.0318865	0.0314775	0.0301881	0.0295179	0.0277775	0.0160531	0.0325113	0.0292355	0.0311746	0.0277775	0.0278663	0.0312752	0.00170624	0.00175922	0.0321972	0.0296126	0.0330427	0.0289561	0.0279555	0.027077	0.00351914	0.0151872	0.00199971	0.00343111	0.0151872	0.00213483	0.001839	0	0.00221642	0.0291421	0.00205363	0.0298988	0.0315792	0.0305785	0.0298031	0.0162749	0.0154542	0.0149234	0.00271444	0.0319897	0.0317837	0.0150285	0.0160531	0.00243596	0.00181236	0.0315792	0.00331442	0.00544411	0.0155619	0.0146626	0.030677	0.00202665	0.00194597	0.0312752	0.0275126	0.0259767	0.00178577	0.0150813	0.0321972	0.00541137	0.00216198	0.00534606	0.0154542	0.00227104	0.00229842	0.0311746	0.00154832	0.00167981	0.00199971	0.015616
b5177	0.0300913	0.0262266	0.0321972	0.0312752	0.0300913	0.0295179	0.0276006	0.0152936	0.0321972	0.0290489	0.0317837	0.0273375	0.0264788	0.0321972	0.00152214	0.00162709	0.0316813	0.0296126	0.0336937	0.0297077	0.0280449	0.025894	0.00302611	0.0147145	0.00105797	0.00229842	0.0148187	0.00108342	0.0023533	0.00221642	0	0.0292355	0.00123693	0.0303826	0.0316813	0.0313762	0.0289561	0.015943	0.0146626	0.0142518	0.00224371	0.0315792	0.0323015	0.0148187	0.015616	0.00134007	0.00170624	0.0316813	0.00288374	0.00534606	0.014871	0.0139988	0.0302852	0.00165343	0.00157453	0.0312752	0.0275126	0.0264788	0.0010072	0.0147665	0.0319897	0.00534606	0.00162709	0.00508714	0.0150813	0.0011089	0.00216198	0.0314775	0.00170624	0.00170624	0.00115999	0.0150813
b5178	0.0246831	0.0265635	0.0136496	0.0257292	0.0170111	0.0161637	0.0263104	0.0291421	0.0249208	0.0259767	0.0140492	0.026819	0.027077	0.0172424	0.0293293	0.0293293	0.0266484	0.0162749	0.0137986	0.0265635	0.027077	0.0266484	0.0304804	0.0283151	0.0291421	0.0303826	0.0281347	0.0295179	0.0295179	0.0291421	0.0292355	0	0.0292355	0.0248413	0.0178312	0.0172424	0.0230043	0.0293293	0.0273375	0.0284967	0.0297077	0.0170111	0.0177122	0.0283151	0.0283151	0.0294234	0.0292355	0.0175939	0.0299949	0.0288636	0.0282247	0.0278663	0.015347	0.0295179	0.0294234	0.0180108	0.0265635	0.0259767	0.0288636	0.0279555	0.0179508	0.0286795	0.0291421	0.0291421	0.0282247	0.0289561	0.0297077	0.0179508	0.0292355	0.0289561	0.0289561	0.028588
b5179	0.0300913	0.0265635	0.0326168	0.0318865	0.0304804	0.0298988	0.0281347	0.0154542	0.0324062	0.0291421	0.0319897	0.0277775	0.0269047	0.0320933	0.001839	0.00194597	0.032829	0.0298031	0.0334751	0.0297077	0.0284967	0.0260597	0.00296902	0.0146626	0.00136596	0.00229842	0.0147665	0.00123693	0.00238081	0.00205363	0.00123693	0.0292355	0	0.0304804	0.0321972	0.0313762	0.0289561	0.0157789	0.0148187	0.0146108	0.0024636	0.0316813	0.0324062	0.014871	0.015347	0.00149601	0.00149601	0.0321972	0.00291212	0.00547692	0.0150285	0.0143537	0.0303826	0.00149601	0.00152214	0.0314775	0.0276006	0.026819	0.0010072	0.0149759	0.0319897	0.00544411	0.00152214	0.00495906	0.0148187	0.00141786	0.00240836	0.0317837	0.00175922	0.00167981	0.00136596	0.0150813
b5180	0.00467416	0.0212923	0.026143	0.0191812	0.0233762	0.0240597	0.0240597	0.0299949	0.00607761	0.0230043	0.0217795	0.0237537	0.0214999	0.0254028	0.0303826	0.0304804	0.0215695	0.0239829	0.0276889	0.0157789	0.0239063	0.0210181	0.0309745	0.0292355	0.0300913	0.0319897	0.0292355	0.0299949	0.0309745	0.0298988	0.0303826	0.0248413	0.0304804	0	0.0255655	0.0250005	0.00515153	0.0303826	0.0293293	0.0299949	0.0299949	0.0263945	0.0267335	0.0295179	0.0304804	0.0305785	0.0307758	0.025894	0.0311746	0.0298031	0.0294234	0.0289561	0.0245258	0.0304804	0.0301881	0.0244475	0.0239063	0.0171844	0.0303826	0.0288636	0.0269907	0.0298031	0.0303826	0.0302852	0.0293293	0.0303826	0.0309745	0.0250805	0.0294234	0.0305785	0.0303826	0.0297077
b5181	0.0272504	0.0297077	0.0170111	0.0280449	0.0139988	0.0125405	0.0290489	0.0314775	0.0284967	0.0316813	0.0200822	0.0298988	0.0295179	0.0140492	0.0321972	0.0319897	0.0276006	0.0121679	0.0173006	0.0271635	0.0298988	0.0291421	0.0325113	0.030677	0.0317837	0.0331502	0.0302852	0.0315792	0.0326168	0.0315792	0.0316813	0.0178312	0.0321972	0.0255655	0	0.0110444	0.0272504	0.0317837	0.0305785	0.0310744	0.0312752	0.0136496	0.00282712	0.0303826	0.0318865	0.0315792	0.0317837	0.010314	0.0327227	0.0320933	0.0304804	0.0310744	0.0124935	0.0317837	0.0314775	0.0112643	0.0303826	0.0289561	0.0315792	0.0303826	0.00877107	0.0320933	0.0314775	0.0311746	0.0305785	0.0315792	0.0324062	0.0097316	0.0312752	0.0307758	0.0313762	0.0311746
b5182	0.0250805	0.0275126	0.0157789	0.0271635	0.0111321	0.0112643	0.0276006	0.0317837	0.0258115	0.0288636	0.017359	0.0272504	0.0275126	0.0122604	0.0313762	0.0309745	0.0273375	0.0112643	0.0157789	0.0254028	0.0282247	0.027077	0.0316813	0.0305785	0.0307758	0.0319897	0.0302852	0.0312752	0.0316813	0.0305785	0.0313762	0.0172424	0.0313762	0.0250005	0.0110444	0	0.0250005	0.0319897	0.030677	0.0311746	0.0305785	0.0120757	0.0118017	0.0302852	0.0321972	0.0311746	0.0311746	0.00857671	0.0312752	0.0314775	0.0307758	0.0304804	0.0109136	0.0309745	0.0309745	0.00969064	0.0283151	0.025894	0.0307758	0.0301881	0.0118017	0.0312752	0.0300913	0.0301881	0.0304804	0.0310744	0.0313762	0.00861543	0.0301881	0.0300913	0.0307758	0.0313762
b5183	0.00375609	0.0216393	0.0263104	0.0174761	0.0233014	0.0236777	0.0243695	0.0296126	0.00476862	0.0233014	0.0204789	0.0233762	0.0224204	0.0256472	0.0290489	0.0286795	0.020747	0.0240597	0.0269907	0.0154006	0.0250805	0.0214999	0.0298988	0.0286795	0.0288636	0.0303826	0.028588	0.0293293	0.0295179	0.0298031	0.0289561	0.0230043	0.0289561	0.00515153	0.0272504	0.0250005	0	0.0298031	0.0289561	0.0288636	0.0293293	0.0262266	0.0276006	0.0286795	0.0298031	0.0290489	0.0296126	0.0249208	0.0296126	0.028588	0.0287714	0.0283151	0.0239829	0.0291421	0.0289561	0.0249208	0.0237537	0.0158335	0.0289561	0.028588	0.027077	0.0286795	0.0288636	0.0287714	0.0286795	0.0288636	0.0294234	0.0246831	0.0284057	0.0292355	0.0290489	0.0294234
b5184	0.0300913	0.0274249	0.0311746	0.0325113	0.0299949	0.0302852	0.0289561	0.00334352	0.0312752	0.0284057	0.0311746	0.0282247	0.0278663	0.0327227	0.015998	0.0160531	0.0329357	0.0300913	0.0326168	0.0297077	0.0275126	0.0269907	0.0164989	0.00197282	0.015998	0.0164989	0.00173271	0.0161084	0.0161637	0.0162749	0.015943	0.0293293	0.0157789	0.0303826	0.0317837	0.0319897	0.0298031	0	0.00263042	0.00282712	0.0167251	0.0311746	0.0321972	0.00178577	0.00181236	0.015943	0.0161637	0.0320933	0.0163307	0.0162749	0.00162709	0.00288374	0.0305785	0.015943	0.015998	0.0313762	0.0276006	0.0288636	0.015616	0.00173271	0.0309745	0.0162193	0.0157789	0.0156702	0.00199971	0.0158882	0.0164427	0.0320933	0.015943	0.015998	0.0157789	0.00213483
b5185	0.0287714	0.0255655	0.0301881	0.0312752	0.0291421	0.0289561	0.0272504	0.00178577	0.0295179	0.0267335	0.0301881	0.0264788	0.0264788	0.0318865	0.014871	0.014871	0.0310744	0.0287714	0.0307758	0.0287714	0.026819	0.0255655	0.0161084	0.00105797	0.014871	0.0158882	0.00108342	0.014871	0.0157245	0.0154542	0.0146626	0.0273375	0.0148187	0.0293293	0.0305785	0.030677	0.0289561	0.00263042	0	0.00197282	0.0156702	0.0294234	0.030677	0.00152214	0.00146992	0.0151342	0.015508	0.0312752	0.015616	0.0154006	0.00170624	0.001839	0.0294234	0.0150813	0.0150285	0.0301881	0.026819	0.0274249	0.014871	0.00141786	0.0300913	0.0152936	0.0151872	0.015347	0.00121124	0.0148187	0.0152404	0.0311746	0.0150285	0.0150285	0.014871	0.00131423
b5186	0.0284057	0.0269907	0.0304804	0.0307758	0.0296126	0.0298031	0.0273375	0.00257463	0.0294234	0.0284057	0.0309745	0.0272504	0.027077	0.0324062	0.0146108	0.0146108	0.0319897	0.0293293	0.0318865	0.0286795	0.0278663	0.0265635	0.0160531	0.00152214	0.0148187	0.0157245	0.00144387	0.0146108	0.015508	0.0149234	0.0142518	0.0284967	0.0146108	0.0299949	0.0310744	0.0311746	0.0288636	0.00282712	0.00197282	0	0.0157789	0.0312752	0.0314775	0.00126265	0.0025468	0.0150813	0.0150813	0.0315792	0.015616	0.0150813	0.00191916	0.00213483	0.0307758	0.014871	0.0146626	0.0310744	0.027077	0.0271635	0.0146626	0.00152214	0.0304804	0.0150813	0.0148187	0.0152404	0.00173271	0.0149234	0.014871	0.0314775	0.014871	0.0147145	0.014871	0.00205363
b5187	0.0304804	0.0267335	0.0320933	0.0311746	0.0303826	0.0291421	0.028588	0.0164427	0.0323015	0.0284967	0.0314775	0.0271635	0.0274249	0.0315792	0.00249129	0.00268639	0.0314775	0.0291421	0.0336937	0.0298031	0.0276006	0.0265635	0.00325637	0.0155619	0.00205363	0.00316966	0.015508	0.00249129	0.00334352	0.00271444	0.00224371	0.0297077	0.0024636	0.0299949	0.0312752	0.0305785	0.0293293	0.0167251	0.0156702	0.0157789	0	0.0312752	0.0316813	0.015616	0.0163866	0.00194597	0.0024636	0.0311746	0.00325637	0.00635099	0.015998	0.014871	0.030677	0.0026025	0.00268639	0.0317837	0.0284967	0.0263945	0.00227104	0.0155619	0.0316813	0.00628226	0.0026025	0.00567497	0.0158335	0.00221642	0.0031121	0.0313762	0.00257463	0.00232584	0.00181236	0.0157789
b5188	0.0264788	0.0277775	0.0163866	0.0294234	0.0127767	0.0118471	0.0277775	0.0311746	0.0266484	0.0271635	0.0191812	0.0279555	0.028588	0.0133059	0.0320933	0.0321972	0.0284967	0.0115313	0.0175349	0.0267335	0.0284967	0.0278663	0.0326168	0.030677	0.0320933	0.0331502	0.0303826	0.0319897	0.0321972	0.0319897	0.0315792	0.0170111	0.0316813	0.0263945	0.0136496	0.0120757	0.0262266	0.0311746	0.0294234	0.0312752	0.0312752	0	0.0135016	0.030677	0.0300913	0.0314775	0.0319897	0.0115761	0.0324062	0.0318865	0.0302852	0.0305785	0.0117564	0.0319897	0.0316813	0.0109571	0.0284967	0.0276006	0.0315792	0.0303826	0.0139486	0.0319897	0.0318865	0.0311746	0.0305785	0.0316813	0.0321972	0.0113974	0.0319897	0.0311746	0.0309745	0.030677
b5190	0.0276006	0.0291421	0.0166683	0.0297077	0.0143027	0.0126819	0.0312752	0.0314775	0.0279555	0.0314775	0.0195632	0.0299949	0.0300913	0.0135016	0.0323015	0.0326168	0.0282247	0.0124467	0.0181313	0.0276006	0.0301881	0.0290489	0.0327227	0.030875	0.0324062	0.0324062	0.0305785	0.0326168	0.0325113	0.0317837	0.0323015	0.0177122	0.0324062	0.0267335	0.00282712	0.0118017	0.0276006	0.0321972	0.030677	0.0314775	0.0316813	0.0135016	0	0.030875	0.0323015	0.0323015	0.0321972	0.0110007	0.0330427	0.0324062	0.0307758	0.0311746	0.0124	0.0325113	0.0321972	0.0110882	0.030677	0.0292355	0.0318865	0.0305785	0.00928558	0.0324062	0.0323015	0.0315792	0.0307758	0.0321972	0.0304804	0.0105688	0.0316813	0.0310744	0.0317837	0.0313762
b5191	0.0283151	0.026143	0.0298988	0.0305785	0.0286795	0.0290489	0.0281347	0.00202665	0.0301881	0.0274249	0.0302852	0.0269907	0.026819	0.0314775	0.0146626	0.0146626	0.0315792	0.0288636	0.0312752	0.0278663	0.0274249	0.025894	0.0158335	0.000730741	0.0147145	0.015508	0.000508006	0.0148187	0.0154542	0.0150285	0.0148187	0.0283151	0.014871	0.0295179	0.0303826	0.0302852	0.0286795	0.00178577	0.00152214	0.00126265	0.015616	0.030677	0.030875	0	0.00154832	0.0151342	0.0152936	0.0307758	0.015347	0.0149759	0.00136596	0.00152214	0.0298988	0.0148187	0.0147145	0.0302852	0.0272504	0.0272504	0.0145592	0.000508006	0.0300913	0.0150285	0.0147665	0.0146626	0.000805673	0.0145076	0.0150285	0.0307758	0.0149234	0.0148187	0.0146108	0.00128842
b5192	0.0298988	0.0266484	0.0311746	0.0319897	0.0301881	0.0303826	0.0281347	0.00251903	0.0303826	0.0276006	0.030875	0.0276889	0.0274249	0.032829	0.015508	0.0155619	0.0323015	0.0301881	0.0316813	0.0297077	0.0278663	0.0266484	0.0166683	0.00123693	0.015616	0.0161637	0.00131423	0.0157245	0.0162749	0.0160531	0.015616	0.0283151	0.015347	0.0304804	0.0318865	0.0321972	0.0298031	0.00181236	0.00146992	0.0025468	0.0163866	0.0300913	0.0323015	0.00154832	0	0.0158335	0.0161084	0.0321972	0.0161084	0.015943	0.00141786	0.0026025	0.0299949	0.0156702	0.0156702	0.0314775	0.0278663	0.0287714	0.0154006	0.00154832	0.0310744	0.015943	0.0157245	0.015508	0.00134007	0.015508	0.0160531	0.0320933	0.0156702	0.0158335	0.0155619	0.00160079
b5193	0.0301881	0.0267335	0.0319897	0.0313762	0.0295179	0.0294234	0.0284057	0.015616	0.0321972	0.0291421	0.0319897	0.0273375	0.027077	0.0320933	0.00197282	0.00197282	0.0324062	0.0295179	0.0335842	0.0298031	0.0280449	0.0262266	0.00296902	0.0149759	0.00152214	0.00265838	0.0150813	0.00170624	0.00238081	0.00243596	0.00134007	0.0294234	0.00149601	0.0305785	0.0315792	0.0311746	0.0290489	0.015943	0.0151342	0.0150813	0.00194597	0.0314775	0.0323015	0.0151342	0.0158335	0	0.00167981	0.0315792	0.00302611	0.00580821	0.0152404	0.0144049	0.0302852	0.00194597	0.00191916	0.0312752	0.0280449	0.0259767	0.000956583	0.0150813	0.0321972	0.00570819	0.00162709	0.00511931	0.0151872	0.00141786	0.0024636	0.0314775	0.00181236	0.00191916	0.00115999	0.015347
b5194	0.0303826	0.0276006	0.0319897	0.0314775	0.0301881	0.0298031	0.0281347	0.0161637	0.0329357	0.0294234	0.0318865	0.0277775	0.0278663	0.0320933	0.00227104	0.00243596	0.0329357	0.0298031	0.0335842	0.0294234	0.0280449	0.027077	0.00328537	0.0152404	0.00173271	0.00291212	0.0152404	0.00181236	0.00282712	0.00181236	0.00170624	0.0292355	0.00149601	0.0307758	0.0317837	0.0311746	0.0296126	0.0161637	0.015508	0.0150813	0.0024636	0.0319897	0.0321972	0.0152936	0.0161084	0.00167981	0	0.0317837	0.00334352	0.00594242	0.0152936	0.0147145	0.0304804	0.00213483	0.00227104	0.0315792	0.0277775	0.0263945	0.00134007	0.0154006	0.0319897	0.00597612	0.00167981	0.00544411	0.0155619	0.00178577	0.00279888	0.0315792	0.00218918	0.00149601	0.00173271	0.0158335
b5195	0.0243695	0.0283151	0.0160531	0.0272504	0.0129198	0.0123533	0.0287714	0.0319897	0.0253218	0.0286795	0.0181917	0.0284967	0.0284057	0.013112	0.0318865	0.0314775	0.0271635	0.0118017	0.0157245	0.0253218	0.028588	0.0276006	0.0319897	0.0311746	0.0318865	0.0326168	0.0307758	0.0319897	0.0324062	0.0315792	0.0316813	0.0175939	0.0321972	0.025894	0.010314	0.00857671	0.0249208	0.0320933	0.0312752	0.0315792	0.0311746	0.0115761	0.0110007	0.0307758	0.0321972	0.0315792	0.0317837	0	0.0321972	0.0320933	0.0312752	0.0313762	0.0121217	0.0316813	0.0313762	0.00993767	0.0286795	0.0263945	0.0314775	0.0305785	0.0113086	0.0320933	0.0311746	0.0313762	0.0310744	0.0317837	0.0320933	0.00167981	0.0312752	0.030875	0.0313762	0.0315792
b5196	0.0298988	0.0275126	0.0332581	0.0325113	0.030875	0.0295179	0.0287714	0.0158882	0.0318865	0.0297077	0.0316813	0.0284967	0.0277775	0.0324062	0.0026025	0.00268639	0.0329357	0.0300913	0.0343598	0.030875	0.0288636	0.0271635	0.0024636	0.0154006	0.0026025	0.00399629	0.0152404	0.00308338	0.00351914	0.00331442	0.00288374	0.0299949	0.00291212	0.0311746	0.0327227	0.0312752	0.0296126	0.0163307	0.015616	0.015616	0.00325637	0.0324062	0.0330427	0.015347	0.0161084	0.00302611	0.00334352	0.0321972	0	0.00638544	0.015508	0.0147145	0.0314775	0.00294054	0.00296902	0.0319897	0.0284057	0.0275126	0.00257463	0.0152936	0.0320933	0.00641996	0.00299754	0.00574147	0.015508	0.00265838	0.00328537	0.0323015	0.00277069	0.00322742	0.00243596	0.0155619
b5197	0.0298988	0.0273375	0.0315792	0.0309745	0.0297077	0.0297077	0.0280449	0.0160531	0.0319897	0.0295179	0.0313762	0.0281347	0.0278663	0.0324062	0.004991	0.00537869	0.0325113	0.0297077	0.0331502	0.0293293	0.0286795	0.027077	0.00659353	0.0150285	0.00541137	0.00673355	0.0150813	0.00560872	0.00580821	0.00544411	0.00534606	0.0288636	0.00547692	0.0298031	0.0320933	0.0314775	0.028588	0.0162749	0.0154006	0.0150813	0.00635099	0.0318865	0.0324062	0.0149759	0.015943	0.00580821	0.00594242	0.0320933	0.00638544	0	0.0150285	0.0145592	0.030875	0.00541137	0.00547692	0.0313762	0.0282247	0.0275126	0.00502299	0.0151342	0.0316813	0.000239895	0.00518381	0.0018924	0.0152936	0.00531349	0.00590877	0.0320933	0.00531349	0.00511931	0.00531349	0.015616
b5198	0.0284057	0.0260597	0.0298031	0.0310744	0.0289561	0.0293293	0.0281347	0.00240836	0.0302852	0.0274249	0.0303826	0.027077	0.0267335	0.0317837	0.0150285	0.0151342	0.0314775	0.0291421	0.0318865	0.0283151	0.0274249	0.0258115	0.015943	0.00144387	0.0151342	0.0158882	0.00128842	0.0151342	0.0158882	0.0155619	0.014871	0.0282247	0.0150285	0.0294234	0.0304804	0.0307758	0.0287714	0.00162709	0.00170624	0.00191916	0.015998	0.0302852	0.0307758	0.00136596	0.00141786	0.0152404	0.0152936	0.0312752	0.015508	0.0150285	0	0.00194597	0.0300913	0.0152404	0.0152404	0.0299949	0.0275126	0.0275126	0.0146626	0.00126265	0.0300913	0.0150813	0.0150285	0.0151872	0.00157453	0.0148187	0.0154542	0.0309745	0.015347	0.0149234	0.0150285	0.00194597
b5199	0.0280449	0.025484	0.0297077	0.030677	0.028588	0.0291421	0.0276006	0.00268639	0.0296126	0.0274249	0.0300913	0.0265635	0.0264788	0.0316813	0.0140996	0.0141502	0.0307758	0.0290489	0.0314775	0.0284967	0.0269047	0.0255655	0.0152404	0.00170624	0.0139988	0.014871	0.00144387	0.0142009	0.0149234	0.0146626	0.0139988	0.0278663	0.0143537	0.0289561	0.0310744	0.0304804	0.0283151	0.00288374	0.001839	0.00213483	0.014871	0.0305785	0.0311746	0.00152214	0.0026025	0.0144049	0.0147145	0.0313762	0.0147145	0.0145592	0.00194597	0	0.0301881	0.0143027	0.0143027	0.0302852	0.0269907	0.0266484	0.0139988	0.00152214	0.0304804	0.0145592	0.0144049	0.0142009	0.00175922	0.0140492	0.0146108	0.0312752	0.0143027	0.0143537	0.0140996	0.0018924
b5200	0.0243695	0.0258115	0.0142009	0.027077	0.00800497	0.00337267	0.0265635	0.0310744	0.0247621	0.0264788	0.0174175	0.0264788	0.0266484	0.00489536	0.0305785	0.0305785	0.0262266	0.00343111	0.0141502	0.0250005	0.0269047	0.025894	0.0317837	0.0302852	0.0307758	0.0318865	0.0300913	0.0307758	0.030677	0.030677	0.0302852	0.015347	0.0303826	0.0245258	0.0124935	0.0109136	0.0239829	0.0305785	0.0294234	0.0307758	0.030677	0.0117564	0.0124	0.0298988	0.0299949	0.0302852	0.0304804	0.0121217	0.0314775	0.030875	0.0300913	0.0301881	0	0.0309745	0.0305785	0.0107405	0.0269907	0.0265635	0.0302852	0.0295179	0.0130157	0.030875	0.030677	0.0298988	0.0299949	0.0305785	0.0307758	0.0117564	0.0303826	0.0298988	0.0303826	0.0305785
b5201	0.0300913	0.027077	0.0321972	0.0317837	0.030677	0.0299949	0.0281347	0.0155619	0.0323015	0.0298031	0.0316813	0.0278663	0.0274249	0.0326168	0.00152214	0.00144387	0.0319897	0.0299949	0.0335842	0.0298988	0.028588	0.0263945	0.00343111	0.0147145	0.00157453	0.00279888	0.0149234	0.00139189	0.00229842	0.00202665	0.00165343	0.0295179	0.00149601	0.0304804	0.0317837	0.0309745	0.0291421	0.015943	0.0150813	0.014871	0.0026025	0.0319897	0.0325113	0.0148187	0.0156702	0.00194597	0.00213483	0.0316813	0.00294054	0.00541137	0.0152404	0.0143027	0.0309745	0	0.000336872	0.0320933	0.0278663	0.0266484	0.0011856	0.014871	0.0316813	0.00544411	0.001839	0.00508714	0.0150285	0.001839	0.00243596	0.0318865	0.00115999	0.00197282	0.00167981	0.0152404
